image: rtabbb.pgm
resolution: 0.100000
origin: [-15.250270, -24.909082, 0.000000]
negate: 0
occupied_thresh: 0.65
free_thresh: 0.196

